0100101011111101000101001
0100101011111101010011000001
01001010111111010100110000001
010010101111110101001100000001
0100101011111101010011000000001
01001010111111010100110000000001
010010101111110101001100000000001
0100101011111101010011000000000001
01001010111111010100110000000000001
010010101111110101001100000000000001
0100101011111101010011000000000000001
01001010111111010100110000000000000001
010010101111110101001100000000000000001
0100101011111101010011000000000000000001
01001010111111010100110000000000000000001
010010101111110101001100000000000000000001
0100101011111101010011000000000000000000001
01001010111111010100110000000000000000000001
010010101111110101001100000000000000000000001
0100101011111101010011000000000000000000000001
01001010111111010100110000000000000000000000001
0100101011111101000101000
010010101111110101001100000000000000000000000001
0100101011111101010011000000000000000000000000001
0100101011111101000101011
01001010111111010100110000000000000000000000000001
010010101111110101001100000000000000000000000000001
0100101011111101010011000000000000000000000000000001
01001010111111010100110000000000000000000000000000001
0100101011111101000101010
0100101011100110101100
0100101011111101010010101
010010101100001000001
0100101010100000101010
0100101011000000001
01001010111001101010
0100101010100001111
0100101011100110100
01001010101000001010110
010010101111110001000011
010010101111110001000010
01001010111111000100000
0100101010101000100111
0100101010101000100110
01001010111001101011011
010010101010000010100
0100101010101000110
0100101010100000100
01001010111111000110
01001010111111010000
01001010111100011110
01001010111100001010
01001010111111010110
01001010111101010001
010010101010000000
010010101010101001
010010101100010110
010010101010101000
0100101011111101001
0100101011111100101
010010101010000100
01001010111100110001
01001010111101010101
01001010111100000000
0100101011000010111
0100101011000101001
01001010111100110000
0100101010101000011
0100101011000000000
0100101011100110111
0100101011000000011
0100101011000000010
0100101011000010010
0100101011110000100
0100101011000000101
010010101010000011
0100101011110101011
010010101111000001
010010101100001010
010010101100001111
0100101011110101001
010010101100001101
010010101111000110
010010101111001101
01001010101001110
01001010110000010
01001010110001000
01001010111100010
01001010111111011
0100101010100110
0100101010101011
0100101011110010
010010101010001
010010101110010
010010101111011
01001010111000
0100101011001
010010101011
01001010100
0100101001
0100100
01001011
0100101000
010010101101
0100101011101
01001010111110
01001010101011
010010101111111
010010101100011
010010101010010
0100101011110100
0100101010101001
01001010111101011
01001010111100111
01001010111001111
01001010101010101
010010101111110000
010010101111000011
010010101100001110
010010101100000110
010010101100000011
010010101010100000
010010101010011111
0100101011111100100
0100101011000101000
0100101011000101011
0100101010100001110
0100101011100110001
0100101011000101010
0100101011000100101
0100101011000010110
0100101011000001111
01001010111111001101
0100101011100110110
01001010110001001101
0100101011000001110
0100101011100111001
0100101011100111011
0100101011100111000
0100101011000010001
0100101010100001011
0100101011100110000
0100101011100110011
0100101011000100100
0100101011000011001
0100101011110000001
0100101011000101110
0100101010100111101
0100101011000000100
0100101010100111100
0100101010101000010
01001010111101010100
0100101010101000111
01001010111100110011
01001010111100011101
01001010111111000101
01001010111111001100
0100101011100110010
01001010110001001100
01001010111111000111
01001010110001011111
01001010111100000001
01001010111111001111
0100101011000100111
01001010111100011100
0100101010100001010
0100101010100000011
01001010111001110101
01001010111111010101
0100101011000011000
0100101010101000101
0100101010100001101
0100101010100000010
01001010111111001110
01001010111111010111
0100101010100001100
01001010111101010000
01001010110000100110
01001010110001011110
01001010111001110100
01001010111100110010
01001010110000100111
010010101010100010010
01001010101000001011
010010101111000111111
010010101111000111110
010010101111000010111
010010101010100010001
0100101011111100010010
010010101010100010000
010010101100001000000
01001010111111000100111
0100101011000010000101
01001010111111000100110
0100101011111101010010100
01001010111001101011010
0100101011000010000100
01001010111100001011001
0100101011000010000111
0100101011111100010001
01001010111100001011000
010010101111110101000101
01001010111111010001101
0100101011000010000110
01001010111100001011011
010010101111110101000100
01001010111111010001100
01001010111111010001111
01001010111111010001110
010010101111110101001100000000000000000000000000000001
01001010111111010001001
010010101111110101000111
0100101011111101010010111
01001010111111010001000
0100101011111101010010110
010010101111110101000110
0100101011111101010010001
0100101011111101010011000000000000000000000000000000001
01001010111111010100110000000000000000000000000000000001
01001010111100001011010
0100101011111101010010000
01001010111001101011101
010010101111110101000001
0100101011111101010010011
010010101111110101001100000000000000000000000000000000001
010010101111110101000000
0100101011111101010011000000000000000000000000000000000001
01001010111111010100110000000000000000000000000000000000001
0100101011111101010010010
010010101111110101000011
01001010111001101011100
010010101111110101000010
010010101111110101001100000000000000000000000000000000000001
0100101011111101010011000000000000000000000000000000000000001
01001010111111010001011
01001010111001101011111
010010101111110101001101
0100101011111101010011101
0100101011111101010011100
01001010111001101011110
01001010101000001010111
01001010111111010100110000000000000000000000000000000000000001
0100101011111101010011111
0100101011111101010011110
0100101011111101010011001
010010101111110101001100000000000000000000000000000000000000001
0100101011111101010011000000000000000000000000000000000000000001
01001010111111010100110000000000000000000000000000000000000000001
010010101111110101001100000000000000000000000000000000000000000001
0100101011111101010011000000000000000000000000000000000000000000001
01001010111111010100110000000000000000000000000000000000000000000001
010010101111110101001100000000000000000000000000000000000000000000001
0100101011111101010011000000000000000000000000000000000000000000000001
01001010111111010100110000000000000000000000000000000000000000000000001
010010101111110101001100000000000000000000000000000000000000000000000001
010010101111110101001100000000000000000000000000000000000000000000000000
01001010111111010100110001
