52
89
100
65
180
44
212
47
173
29
195
65
135
83
112
6
137
26
86
100
115
173
131
60
22
60
157
20
1
70
221
169
58
9
217
92
18
133
190
69
61
56
105
225
26
84
87
207
124
100
44
160
224
91
126
169
164
199
173
212
30
63
218
145
149
113
162
27
173
9
180
233
150
109
85
31
168
3
82
95
212
26
19
13
136
101
2
75
63
37
173
145
23
173
229
114
19
40
80
229
165
214
153
47
106
142
90
66
8
17
213
146
229
129
11
140
94
102
234
213
234
34
26
198
57
209
154
115
198
204
196
112
175
240
205
141
34
3
232
24
224
95
86
9
165
119
108
195
31
198
30
43
223
143
221
96
68
183
93
24
140
200
220
170
109
78
23
90
52
202
39
157
70
65
144
3
185
236
15
132
32
176
12
165
124
80
78
140
60
16
14
149
157
211
178
132
194
55
126
167
220
120
175
135
82
215
76
194
167
146
75
142
1
24
164
17
79
0
64
65
124
199
1
100
59
196
112
49
193
93
71
1
85
94
76
138
28
221
238
212
203
163
165
154
79
145
38
59
238
194
66
63
145
34
68
193
7
111
91
126
123
142
130
226
26
168
144
38
41
176
194
71
153
187
120
178
87
228
239
227
147
233
86
11
113
123
31
214
170
79
90
120
13
82
34
120
30
106
226
85
36
191
163
89
21
146
191
201
156
152
240
123
177
217
133
89
121
203
122
83
225
135
54
11
64
85
165
159
151
117
7
231
145
37
182
142
221
154
38
106
26
158
156
48
235
42
216
50
71
204
77
20
131
102
213
239
35
132
232
176
213
150
102
83
82
185
87
160
54
108
88
160
66
171
230
67
221
92
61
168
41
224
118
127
219
206
230
3
36
228
184
95
110
123
98
156
224
13
29
77
163
165
132
8
200
216
228
65
193
166
206
179
186
55
95
24
82
174
84
240
239
195
184
7
157
44
204
204
56
68
64
91
79
160
235
92
211
12
89
1
26
142
38
107
93
76
113
64
131
185
85
76
59
91
39
96
80
100
125
170
194
160
50
240
34
156
122
147
133
70
199
217
42
141
28
77
24
3
89
198
149
222
179
159
61
107
116
175
153
26
190
108
42
83
99
206
124
137
132
166
156
125
78
207
215
189
142
212
236
101
212
22
15
102
179
151
178
71
40
208
201
112
202
73
188
170
14
20
115
204
54
140
81
60
179
26
218
46
192
87
172
74
206
90
186
42
1
29
42
107
213
183
142
43
41
220
181
91
45
105
63
38
147
139
236
166
193
209
74
40
79
131
157
156
109
55
61
185
51
0
153
52
113
193
61
96
178
148
124
200
130
238
150
152
51
15
139
163
132
67
181
225
223
225
31
229
96
149
211
165
136
133
30
233
133
15
210
138
5
186
179
89
142
211
26
16
151
27
92
88
228
219
200
141
21
212
215
46
49
106
32
93
52
71
102
151
182
174
109
65
123
56
92
71
201
112
44
156
124
7
165
82
72
37
164
151
160
117
52
94
168
90
57
132
66
18
187
215
151
22
143
0
216
88
31
26
237
108
82
138
50
40
47
87
151
53
169
95
98
118
108
179
43
17
21
216
3
106
180
63
45
60
139
17
121
52
2
141
44
109
78
179
169
165
189
127
128
202
1
200
239
164
9
188
14
236
109
79
103
51
71
24
54
225
131
49
4
51
159
234
105
19
178
231
229
63
130
23
96
98
169
29
121
159
69
174
83
191
174
154
83
200
93
54
98
100
13
112
141
9
216
236
237
116
95
116
194
9
150
13
143
232
44
8
144
202
174
136
208
192
61
197
100
133
129
105
32
164
168
218
86
236
240
15
109
92
43
224
118
29
136
181
19
67
202
236
109
150
235
26
128
145
68
159
149
167
1
32
129
103
129
183
73
239
171
167
187
54
172
165
149
238
203
102
225
2
85
98
65
80
41
211
174
150
7
160
95
82
194
119
192
88
19
43
13
205
214
135
130
132
138
130
53
153
82
78
88
185
84
151
151
31
128
62
213
170
150
37
21
45
43
164
11
127
224
105
58
234
173
165
213
3
98
83
171
184
208
70
169
51
136
52
148
229
63
192
161
16
204
148
191
12
88
151
165
55
99
65
235
147
43
210
236
173
104
227
20
190
216
113
184
44
159
43
202
60
101
101
163
5
87
225
73
11
207
230
12
185
133
105
217
173
98
53
143
76
77
45
22
38
190
89
222
54
19
64
103
227
196
29
19
24
177
44
86
133
229
113
15
78
187
93
119
86
105
96
179
185
136
213
173
95
12
235
213
214
46
65
12
8
23
57
83
198
210
121
119
121
36
85
72
58
153
22
54
52
124
127
176
157
165
98
81
82
9
10
193
43
128
101
15
139
214
64
34
70
224
86
220
191
152
120
153
22
103
75
212
2
43
203
145
178
193
183
84
207
66
76
73
213
109
193
101
99
47
211
238
190
236
95
116
22
41
174
118
240
23
92
27
154
185
78
231
11
76
64
164
51
81
4
19
123
239
142
127
21
209
148
217
25
18
6
143
97
230
69
154
230
59
82
214
231
38
35
164
199
220
99
207
58
165
140
17
41
100
86
195
88
119
2
56
116
45
88
26
148
24
149
159
103
179
196
54
22
4
93
140
99
214
116
154
123
34
209
240
146
238
181
192
56
151
216
109
29
97
158
117
51
176
209
179
203
141
51
239
31
40
157
73
19
11
219
134
8
231
145
114
51
117
223
30
224
40
208
98
205
87
91
200
88
8
59
237
228
78
216
157
16
171
145
107
6
41
208
111
52
126
119
76
149
148
175
225
210
227
107
23
175
214
219
10
63
117
229
42
119
6
131
12
229
31
195
16
176
98
113
171
1
26
14
238
180
159
131
78
148
115
85
39
34
116
167
179
158
179
175
80
209
168
105
46
38
125
134
118
93
155
142
98
207
74
122
213
65
44
137
231
25
208
34
38
64
231
13
83
63
60
112
196
47
137
156
108
115
67
213
145
20
121
48
94
166
56
157
171
31
0
126
120
3
135
51
178
54
182
51
136
231
234
80
83
5
225
90
233
198
150
112
77
173
0
182
71
40
115
83
218
132
0
89
44
213
180
96
63
109
6
44
190
98
22
136
19
58
193
3
87
209
189
185
40
155
97
47
178
70
80
8
204
147
128
124
70
184
116
86
122
202
154
183
203
134
48
195
237
83
60
90
234
204
179
150
174
195
161
139
28
222
48
156
200
171
85
178
192
202
132
77
197
239
107
67
223
103
185
207
225
48
52
206
213
65
218
58
52
192
174
121
100
102
88
58
203
47
34
213
191
95
172
59
149
109
122
35
113
46
107
102
141
42
78
124
164
137
58
67
42
82
40
240
230
221
214
94
89
181
132
218
155
96
96
183
198
75
142
121
95
162
203
113
202
224
227
230
186
36
115
193
52
179
205
135
235
161
233
63
168
226
133
148
73
91
42
27
99
17
20
61
46
220
160
156
156
54
39
203
51
77
115
59
165
66
74
0
26
101
131
104
164
219
217
122
91
55
112
206
113
90
37
227
142
115
235
132
165
217
48
76
215
101
163
220
14
38
123
11
97
119
47
179
223
149
83
158
115
196
49
238
36
234
183
168
158
152
229
199
18
235
66
54
169
27
179
107
93
169
217
79
47
240
226
192
133
198
6
43
135
215
101
2
53
108
17
154
110
143
189
203
21
13
216
24
176
60
181
233
212
46
128
202
76
96
168
47
1
226
3
183
96
139
193
96
83
51
44
229
214
157
19
164
103
14
225
157
50
182
110
228
219
190
214
71
32
142
150
67
194
234
40
100
145
28
104
99
170
10
147
26
157
32
60
36
147
86
40
70
168
51
156
177
103
184
98
25
113
66
199
213
221
165
172
168
102
192
95
209
133
154
218
36
41
163
60
111
205
84
38
38
88
112
183
70
192
189
191
56
9
105
138
146
180
114
123
201
236
121
59
194
9
223
101
147
195
172
151
67
200
36
33
136
119
5
10
66
108
228
52
15
16
90
183
192
168
84
142
230
27
144
67
154
140
117
177
173
206
137
42
112
102
32
68
130
118
24
205
239
88
58
146
158
8
157
215
91
132
146
198
1
211
83
150
224
157
103
138
178
215
23
127
214
149
31
232
232
67
204
190
3
119
60
2
170
49
109
232
151
94
199
187
151
14
160
40
176
52
194
79
230
182
231
121
87
149
117
19
101
168
159
131
216
39
7
141
79
93
110
33
85
89
141
10
201
34
205
74
127
125
102
118
96
155
105
27
221
111
104
108
63
231
59
109
112
198
164
188
52
191
67
141
77
122
240
20
122
237
118
123
152
71
149
75
35
176
184
124
237
38
179
237
219
206
64
156
63
150
79
231
176
219
229
159
12
15
23
179
12
131
40
194
42
145
170
163
91
82
159
113
216
84
214
20
115
115
131
224
124
10
50
141
225
23
157
168
138
221
237
77
76
184
38
133
154
136
0
158
173
22
142
38
46
195
41
136
206
112
3
168
82
122
91
126
119
204
145
237
144
107
189
200
207
125
14
144
13
163
116
230
167
191
7
181
218
45
221
116
88
197
144
64
38
26
143
29
44
28
22
181
40
120
2
91
85
81
114
190
51
152
212
219
131
157
25
184
14
32
134
149
64
237
202
154
162
151
10
5
26
211
219
77
217
59
158
92
55
236
72
45
80
187
57
207
195
126
99
138
161
123
68
175
74
153
149
143
236
111
141
43
88
190
4
213
5
32
34
172
185
6
123
229
12
156
58
118
228
175
232
145
87
19
144
188
0
6
200
177
85
206
52
85
181
54
169
68
120
18
233
180
172
129
74
146
38
138
4
2
59
218
149
135
42
231
44
204
156
68
221
130
95
97
171
208
218
152
99
83
198
162
91
0
159
78
80
187
138
9
39
196
225
139
180
2
171
83
162
124
124
72
196
50
218
10
94
94
188
133
22
92
142
173
11
233
141
156
204
54
24
54
208
55
211
140
200
48
18
134
194
217
101
149
13
72
34
19
154
17
70
137
140
75
208
234
232
174
155
227
132
32
207
40
21
67
218
77
105
209
33
201
84
57
104
234
134
41
191
58
125
78
179
97
116
147
204
119
210
53
166
91
80
73
144
5
185
75
13
25
17
89
192
60
93
127
3
55
207
177
201
119
110
230
236
206
19
134
166
196
146
113
204
240
218
173
51
129
228
117
178
162
3
153
69
228
39
17
121
151
84
214
236
55
93
30
27
139
129
51
101
102
206
216
158
18
144
58
82
15
200
118
139
18
214
172
201
204
25
174
30
19
109
32
100
143
46
181
213
113
27
199
197
235
51
91
125
35
73
13
206
77
223
27
153
42
37
88
205
65
90
21
194
3
38
176
165
95
217
191
102
153
109
236
155
146
153
48
201
5
123
17
215
0
169
227
229
15
203
146
107
159
204
15
208
185
105
148
59
105
188
34
193
1
74
154
100
110
235
47
60
191
216
230
234
116
232
29
140
133
31
102
171
0
70
157
182
159
4
175
118
71
135
58
109
17
162
40
94
32
147
211
126
134
137
129
87
199
200
86
135
47
5
13
138
156
88
89
126
89
169
175
189
215
188
200
231
100
218
198
214
186
126
201
96
59
161
165
226
99
175
49
150
73
38
227
69
51
137
66
1
6
176
221
219
45
173
6
231
112
173
135
66
229
75
193
130
18
168
96
214
85
158
165
106
187
177
207
10
112
91
85
159
221
16
211
66
109
154
25
89
203
93
189
113
199
2
21
90
203
203
65
154
73
51
105
58
136
80
232
99
238
202
24
149
224
149
168
234
211
172
82
106
18
11
0
237
113
62
28
57
201
239
203
141
155
188
90
89
152
140
112
102
234
88
192
65
216
24
11
197
175
122
52
59
46
79
203
48
119
0
1
206
67
79
21
115
103
200
28
109
178
64
221
50
68
46
211
161
16
91
127
93
137
217
157
227
16
95
81
227
170
63
166
221
126
26
119
80
177
102
189
211
59
144
151
162
58
144
122
57
150
116
90
122
231
116
52
65
42
5
61
223
138
6
16
39
149
86
169
233
48
183
143
0
170
66
138
144
108
87
161
19
107
201
7
172
174
94
155
24
60
169
193
240
153
191
89
85
105
234
173
160
215
15
187
219
27
70
58
36
127
206
33
216
240
202
49
50
29
181
25
33
135
84
144
60
59
18
146
191
88
215
235
107
18
113
10
111
219
197
18
192
174
88
118
215
198
216
232
109
101
169
89
164
92
18
63
81
181
87
0
145
206
200
156
72
225
122
108
177
93
155
191
123
107
212
239
13
166
237
231
224
197
7
178
133
8
4
69
80
29
146
3
177
158
126
219
48
220
143
11
36
42
54
116
187
40
240
136
5
66
114
156
90
178
8
233
146
235
196
34
98
75
77
158
216
81
0
16
109
29
101
2
39
105
191
178
218
21
86
129
192
220
173
139
80
32
92
22
32
189
17
163
96
108
79
126
93
114
108
36
228
178
131
101
50
74
168
8
177
224
206
146
12
61
53
114
153
6
89
190
52
92
202
74
108
88
226
35
1
69
137
77
161
28
113
128
193
124
172
237
130
15
139
13
191
139
35
211
113
129
105
127
108
33
171
179
58
163
69
44
98
233
92
231
144
107
124
206
204
128
220
52
91
185
221
23
196
111
141
219
103
43
209
196
240
64
217
17
154
10
72
7
55
235
216
214
52
88
113
113
32
7
64
181
87
89
40
58
7
147
50
141
189
189
106
31
227
26
60
122
132
204
50
118
97
65
176
58
121
113
129
147
84
137
123
208
95
230
23
129
36
179
48
10
202
23
98
123
74
72
6
141
143
190
211
224
173
221
49
152
45
107
123
115
11
61
20
103
58
235
145
11
198
203
107
98
181
140
15
114
64
14
165
20
118
97
151
184
12
169
180
240
162
19
126
54
47
161
68
20
135
5
97
203
43
139
85
67
208
145
120
73
83
155
219
150
75
145
17
70
176
122
6
62
23
2
117
208
5
3
218
180
110
211
65
23
42
166
212
109
165
119
84
95
228
134
102
8
57
203
193
114
194
158
98
126
128
61
134
201
108
25
108
68
60
69
98
168
220
169
29
30
111
199
91
215
183
155
18
89
49
11
0
7
35
215
45
76
16
212
127
211
96
45
194
183
15
33
144
34
203
54
78
41
137
8
122
197
135
62
111
108
135
30
88
71
64
13
117
206
120
119
195
74
228
144
97
207
35
114
187
72
165
201
37
198
186
58
97
142
190
28
97
92
140
173
223
124
93
23
6
66
139
189
11
153
179
18
80
92
169
39
41
146
106
231
40
177
8
129
135
78
167
210
15
19
26
46
99
214
61
113
114
161
92
78
190
14
58
103
175
99
7
21
191
159
76
211
91
91
227
42
22
189
185
135
116
229
172
203
154
31
49
103
161
79
161
125
238
189
110
233
95
226
115
2
75
48
158
67
99
77
140
75
108
163
27
157
21
44
178
13
14
66
39
91
80
71
201
201
229
159
174
88
223
24
170
51
127
132
162
76
108
105
8
78
22
58
10
49
136
67
147
14
155
184
100
226
228
56
160
138
84
15
51
200
189
6
150
155
111
214
240
138
198
169
234
72
158
39
67
115
139
230
68
145
100
69
54
199
111
150
87
166
15
41
30
223
139
125
40
113
56
123
238
117
92
162
86
118
198
181
210
41
23
233
75
29
166
44
45
38
51
149
71
43
207
84
197
208
87
96
144
38
33
128
169
154
77
209
51
191
140
63
145
230
172
144
139
224
78
97
153
149
67
79
121
220
168
58
201
63
40
84
15
97
158
79
152
138
84
82
59
217
178
211
208
124
59
71
11
17
165
213
42
192
149
193
177
149
13
221
53
178
146
151
106
102
121
58
41
207
167
152
24
104
24
160
75
102
30
150
10
15
214
135
113
68
162
187
24
17
128
157
11
165
194
142
184
112
138
44
66
221
169
91
40
3
86
159
159
37
26
90
155
17
139
239
234
124
23
232
41
235
61
83
131
53
221
177
175
112
146
34
175
28
90
218
44
81
193
233
205
110
1
114
122
18
88
61
199
32
88
217
204
172
106
160
215
127
220
20
186
101
141
47
143
124
70
213
192
57
150
72
127
130
217
56
77
121
188
37
78
181
187
211
222
133
126
28
160
79
177
115
39
27
71
179
181
21
232
68
155
25
174
9
26
119
92
41
173
198
99
18
125
94
88
221
146
238
97
93
36
170
227
201
191
49
203
72
199
61
109
90
66
112
34
153
230
225
70
9
128
179
41
17
58
134
89
4
125
200
122
184
175
26
14
31
203
114
222
5
128
227
175
40
170
37
205
235
174
81
128
199
83
43
30
213
159
91
174
37
5
203
118
146
179
67
183
64
148
33
106
53
94
214
231
121
222
225
30
75
237
190
118
124
184
198
149
169
182
126
155
105
166
213
51
28
234
208
111
86
59
183
222
87
65
26
176
96
147
96
5
67
161
106
223
93
200
123
121
95
202
123
127
189
26
124
183
55
41
11
164
95
80
68
192
226
213
213
23
125
63
88
198
176
15
129
93
24
98
11
69
119
99
213
117
210
167
33
9
46
60
124
116
175
161
133
233
54
205
91
176
29
233
94
59
49
57
225
190
199
179
184
5
117
107
10
135
112
142
133
90
29
166
43
134
8
164
94
201
5
126
2
224
144
50
154
219
66
95
139
199
151
198
131
131
217
121
175
23
219
4
142
61
141
74
144
226
198
50
73
18
109
66
90
74
110
73
57
134
117
233
79
110
216
125
11
50
68
215
168
134
117
141
99
84
78
167
191
69
143
89
75
84
87
154
27
219
137
210
206
38
222
112
112
225
160
146
17
98
173
98
197
127
3
99
68
65
0
6
228
193
157
224
227
97
147
7
152
96
225
56
101
237
22
197
133
60
97
160
158
222
88
97
109
24
119
87
27
37
149
101
86
60
12
156
166
12
183
239
25
56
30
50
158
31
109
95
87
202
77
31
47
137
14
123
196
22
223
124
124
13
110
229
229
124
177
161
83
30
117
153
107
25
211
180
210
158
167
237
2
109
26
141
16
163
183
196
167
167
11
152
135
22
25
88
103
135
164
148
140
32
227
83
11
110
189
208
101
37
204
66
87
212
95
10
32
185
182
188
183
213
86
191
81
196
80
185
58
4
29
6
5
5
237
115
150
232
163
98
68
124
122
94
51
200
231
94
217
100
42
136
84
0
167
154
186
96
160
139
66
173
213
171
47
75
98
36
20
155
0
217
38
130
151
57
204
67
128
170
120
171
233
71
99
31
161
145
134
102
159
1
114
222
124
87
101
132
19
149
124
149
229
94
45
75
152
109
221
209
125
111
102
89
144
79
110
37
87
25
189
58
227
71
41
200
152
50
112
195
167
88
62
27
189
197
79
53
124
59
120
114
27
83
221
70
13
11
8
152
93
64
178
195
122
39
22
192
79
177
238
178
11
152
223
179
107
64
168
225
4
125
188
3
212
237
175
23
222
2
30
51
185
205
62
218
5
210
128
212
56
237
157
169
90
130
123
191
227
15
227
180
10
198
178
202
231
2
137
191
153
90
68
31
195
1
49
47
154
110
136
61
137
216
236
156
30
221
154
170
70
240
90
64
111
136
102
214
238
199
107
100
218
126
25
37
227
23
233
13
174
150
11
121
188
147
174
8
110
45
179
77
56
58
184
217
48
107
63
39
16
98
136
34
22
55
159
156
193
187
68
194
206
94
85
86
182
170
116
18
159
50
209
128
210
98
104
85
135
86
143
205
190
192
149
38
93
57
60
232
41
240
58
230
98
124
130
226
181
169
129
42
139
187
64
119
97
163
5
193
85
90
20
171
150
97
27
84
183
228
30
88
136
5
66
166
4
43
194
149
9
12
100
226
24
124
68
169
172
81
44
178
100
150
13
12
0
81
109
164
191
240
15
238
111
190
110
51
225
184
221
65
115
102
3
14
108
137
111
16
143
0
56
26
134
128
177
105
8
184
26
178
199
238
211
82
27
213
155
187
201
218
7
85
34
226
122
107
155
56
6
120
192
4
125
114
157
157
225
110
82
28
55
7
233
85
171
153
45
205
238
158
171
42
22
140
196
164
231
69
236
182
135
197
91
98
223
50
124
205
185
121
103
110
128
221
36
211
111
186
158
108
31
83
91
139
44
14
219
99
205
11
3
199
158
37
203
208
205
218
119
207
125
43
240
64
188
9
102
144
133
69
78
19
150
86
85
4
17
205
12
74
177
235
188
61
64
111
13
110
126
199
34
125
211
138
96
96
201
26
134
36
27
122
39
159
63
45
141
112
175
135
70
152
225
125
77
12
235
40
150
191
65
140
96
179
56
66
207
196
165
189
225
175
38
78
3
199
80
210
175
239
185
204
94
31
102
176
209
28
48
69
18
197
146
62
169
181
166
228
130
159
24
66
184
231
103
225
195
3
68
126
236
193
146
7
73
225
60
156
115
74
22
23
172
240
24
53
147
10
42
200
106
234
214
69
11
138
167
10
136
0
108
153
6
152
115
92
1
53
69
31
96
212
123
114
191
160
34
47
59
150
47
33
100
129
157
220
37
220
108
195
157
93
96
125
227
155
212
179
110
202
196
150
114
209
53
139
131
117
28
235
117
138
22
35
186
238
8
86
196
200
119
113
136
25
64
227
50
2
10
9
207
189
236
57
138
214
83
23
111
216
70
89
227
205
74
182
119
127
48
18
180
21
116
228
168
23
98
101
116
112
155
123
197
229
193
125
28
123
174
159
184
73
184
67
132
130
195
191
64
125
31
179
94
238
92
150
12
216
168
161
165
141
91
196
185
6
101
200
12
215
223
189
99
194
212
172
187
195
21
221
83
155
35
227
138
118
182
169
54
179
188
174
68
84
210
62
183
116
101
24
118
124
209
126
239
150
59
36
162
99
136
72
10
214
109
107
191
207
221
83
60
240
125
113
215
66
108
188
11
159
178
78
229
101
166
64
222
238
199
237
88
228
140
231
238
163
24
117
109
172
189
51
15
200
21
167
96
71
26
93
205
52
23
201
78
41
38
152
172
212
136
202
163
138
112
204
1
117
112
53
34
8
209
216
5
125
210
38
25
235
79
79
190
209
112
197
100
11
114
28
109
2
202
135
112
18
222
92
150
175
117
101
41
53
92
144
135
166
207
176
104
55
128
175
129
92
212
119
194
101
130
197
236
44
153
18
205
160
45
100
60
88
160
177
21
186
6
5
204
203
119
30
73
104
56
235
175
37
58
23
